Orientación en t=0.5:
  UnitQuaternion with properties:

    s: 0.9239
    v: [0 0 0.3827]


theta05 =

    0.7854

Orientación en t=0.7:
  UnitQuaternion with properties:

    s: 0.8526
    v: [0 0 0.5225]


theta07 =

    1.0996
